QUARTERLY ESTIMATES OF GROSS DOMESTIC PRODUCTAT MARKET PRICES (At Constant Prices) New Series (Base : 1999-2000)

(Rupees Crores)

Item/ Year	Quarter	PFCE	GFCE	GFCF	Change in Stock	Valuables	Export of goods & services	Import of goods & services	Discrepancies	Gross Domestic Product
2009-10   	Q1	4,91,155	87,773	2,79,551	27,464	11,571	1,96,600	1,82,296	-28,326	8,83,492
	Q2	4,97,425	89,169	3,14,274	14,770	9,865	1,43,121	1,81,085	19,020	9,06,559
2008-09   	Q1	4,83,282	79,618	2,68,379	26,605	9,770	2,20,565	2,31,421	-23,168	8,33,630
	Q2	4,70,931	70,259	2,92,824	27,057	12,819	1,68,286	2,57,874	64,945	8,49,247
	Q3	5,42,933	1,17,990	2,91,724	27,073	15,084	1,81,832	2,62,309	30,793	9,45,121
	Q4	5,04,342	1,31,393	3,10,576	28,004	12,187	2,06,697	2,34,837	23,065	9,81,427
2007-08   	Q1	4,62,333	79,768	2,45,698	25,092	8,508	1,75,543	1,81,714	-44,987	7,70,241
	Q2	4,61,297	68,750	2,60,284	25,622	9,495	1,35,368	1,90,646	17,871	7,88,041
	Q3	5,30,935	75,363	2,77,692	26,698	11,265	1,69,736	2,15,624	25,901	9,01,966
	Q4	4,91,103	1,08,153	2,91,958	28,249	9,849	2,08,356	2,49,031	53,830	9,42,467
2006-07   	Q1	4,26,641	81,722	2,16,217	16,283	9,243	1,82,841	1,82,938	-44,383	7,05,625
	Q2	4,29,030	62,480	2,24,318	16,890	9,367	1,42,229	1,97,718	37,556	7,24,152
	Q3	4,87,512	73,873	2,43,361	17,538	9,671	1,59,918	2,02,115	34,624	8,24,381
	Q4	4,50,508	91,217	2,68,447	18,962	9,810	1,89,683	2,00,204	37,449	8,65,872
2005-06   	Q1	4,05,931	57,256	1,85,904	15,489	6,666	1,43,277	1,44,655	-16,356	6,53,510
	Q2	3,93,589	71,524	1,98,987	16,008	8,495	1,04,610	1,46,709	6,833	6,53,336
	Q3	4,61,398	76,073	2,11,809	16,756	8,604	1,40,942	1,67,062	2,632	7,51,152
	Q4	4,26,201	88,413	2,34,770	17,875	9,375	1,68,064	1,70,557	12,802	7,86,943
2004-05   	Q1	3,75,330	57,311	1,60,355	9,427	7,684	1,19,352	85,925	-44,040	5,99,494
	Q2	3,65,569	62,719	1,70,497	9,979	8,351	88,499	1,07,779	4,405	6,02,241
	Q3	4,34,048	64,298	1,77,730	10,431	8,552	1,17,996	1,27,212	3,231	6,89,075
	Q4	3,99,617	91,796	1,98,324	11,005	9,286	1,47,702	1,24,954	-21,520	7,11,256
2003-04   	Q1	3,56,602	52,462	1,35,035	3,982	5,241	93,245	86,018	-6,894	5,53,654
	Q2	3,40,230	69,340	1,45,706	4,147	5,020	73,376	87,153	2,856	5,53,522
	Q3	4,16,716	64,225	1,48,245	4,302	5,248	92,876	91,020	10,079	6,50,670
	Q4	3,83,598	80,572	1,65,566	4,581	6,033	1,12,859	1,00,632	-7,693	6,44,884
2002-03   	Q1	3,37,808	48,421	1,22,555	4,362	2,878	93,887	73,021	-9,115	5,27,776
	Q2	3,14,983	58,412	1,26,736	4,510	3,254	70,865	77,345	10,629	5,12,046
	Q3	3,92,903	63,344	1,33,512	4,675	3,326	82,370	81,047	-14,029	5,85,055
	Q4	3,67,703	89,782	1,40,506	4,948	3,471	92,674	89,122	-17,701	5,92,260
2001-02   	Q1	3,32,430	50,527	1,17,737	-333	3,227	80,879	72,328	-9,829	5,02,311
	Q2	3,04,797	57,421	1,16,304	-336	3,411	56,410	72,345	20,408	4,86,070
	Q3	3,82,341	64,107	1,23,711	-348	3,362	66,420	69,569	3,716	5,73,739
	Q4	3,54,391	88,823	1,32,258	-366	3,489	76,917	71,202	-9,780	5,74,530
2000-01   	Q1	3,12,912	47,739	1,13,309	3,488	3,288	69,419	64,832	-1,578	4,83,745
	Q2	2,90,583	56,329	1,12,097	3,510	3,608	55,251	68,859	13,261	4,65,780
	Q3	3,60,565	56,172	1,13,054	3,621	3,466	68,799	72,341	6,445	5,39,781
	Q4	3,32,703	94,847	1,17,920	3,794	3,894	75,563	71,678	-15,638	5,41,404
1999-00   	Q1	3,05,197	51,343	1,09,246	8,981	3,753	58,367	58,625	-18,606	4,59,655
	Q2	2,79,694	57,470	1,10,398	9,119	4,109	47,663	63,273	-8,385	4,36,795
	Q3	3,48,247	57,894	1,12,745	9,401	3,845	56,047	68,293	145	5,20,030
	Q4	3,20,505	86,038	1,24,027	10,084	3,812	65,620	75,511	980	5,35,554
1998-99   	Q1	2,98,263	49,925	97,256	-5,525		40,247	67,778	14,153	4,26,539
	Q2	2,86,711	49,098	98,297	-29,170		49,293	62,819	13,433	4,04,842
	Q3	2,87,627	45,024	1,03,074	45,497		49,961	60,292	16,160	4,87,052
	Q4	3,09,197	79,157	1,11,780	-13,400		53,464	57,447	16,567	4,99,319
1997-98   	Q1	2,71,757	35,086	90,524	-441		41,240	46,976	9,940	4,01,130
	Q2	2,71,447	38,072	91,069	-29,744		41,611	46,243	9,305	3,75,517
	Q3	2,82,088	41,749	96,711	38,548		42,382	51,272	11,440	4,61,645
	Q4	2,84,365	84,040	1,03,845	6,260		44,206	61,008	11,732	4,73,441
1996-97   	Q1	2,69,814	35,785	83,783	-12,498		38,806	39,512	12,287	3,88,464
	Q2	2,60,086	34,385	86,024	-40,189		53,628	47,082	11,329	3,58,180
	Q3	2,69,751	37,093	90,538	39,017		42,002	46,605	14,103	4,45,899
	Q4	2,77,795	71,561	1,00,145	-2,028		39,042	48,336	14,312	4,52,491

PFCE : Private Final Consumption Expenditure
GFCE : Government Final Consumption Expenditure
GFCF : Gross Fixed Capital Formation
Note : Q1, Q2, Q3 & Q4 denote - April to June, July to September, October to December and January to March quarters, respectively.
Source : Central Statistics Office (CSO).

QUARTERLY ESTIMATES OF GROSS DOMESTIC PRODUCTAT MARKET PRICES (At Constant Prices) New Series (Base : 2004-05)

(Rupees Crores)

Item/ Year	Quarter	PFCE	GFCE	GFCF	Change in Stock	Valuables	Export of goods & services	Import of goods & services	Discrepancies	Gross Domestic Product
2004-05   	Q1	4,52,849	73,582	2,10,318	18,428	9,394	1,22,482	1,24,082	-12,928	7,50,043
	Q2	4,47,004	80,525	2,23,045	19,561	10,042	1,25,100	1,52,936	5,740	7,58,082
	Q3	5,23,870	82,553	2,34,206	20,464	10,300	1,43,685	1,73,390	8,699	8,50,387
	Q4	4,93,785	1,17,858	2,63,459	21,696	11,318	1,77,784	1,75,537	-26,666	8,83,697
2005-06   	Q1	4,97,297	75,362	2,42,624	23,839	8,443	1,58,198	1,97,043	10,505	8,19,226
	Q2	4,87,992	94,142	2,56,998	24,547	10,187	1,59,413	1,96,466	-14,720	8,22,092
	Q3	5,64,788	1,00,131	2,74,886	25,664	10,292	1,83,691	2,13,001	-19,755	9,26,696
	Q4	5,33,232	1,16,372	3,07,284	27,461	11,492	2,16,123	2,23,416	-13,318	9,75,230
2006-07   	Q1	5,33,481	1,05,842	2,73,193	30,894	10,920	2,01,057	2,44,123	-31,366	8,79,898
	Q2	5,42,217	80,921	2,86,222	32,219	11,245	2,14,870	2,58,406	-3,022	9,06,265
	Q3	6,07,361	95,676	3,15,958	33,665	11,412	2,06,376	2,51,027	-4,898	10,14,524
	Q4	5,76,833	1,18,140	3,55,890	36,778	12,356	2,41,157	2,54,642	-15,709	10,70,802
2007-08   	Q1	5,81,045	1,05,446	3,25,658	41,465	10,079	2,06,559	2,48,727	-46,513	9,75,012
	Q2	5,87,299	90,881	3,44,174	42,421	11,390	2,15,440	2,61,496	-41,007	9,89,102
	Q3	6,68,884	99,624	3,63,741	44,061	13,146	2,34,140	2,80,983	-21,085	11,21,528
	Q4	6,34,169	1,42,969	3,97,190	47,464	12,648	2,58,489	3,19,756	-7,865	11,65,306
2008-09   	Q1	6,39,466	1,03,501	3,70,961	21,662	16,586	2,65,883	3,33,407	-30,820	10,53,833
	Q2	6,32,933	92,465	3,80,647	21,526	15,741	2,78,279	3,82,968	17,100	10,55,723
	Q3	7,11,281	1,49,886	3,71,371	21,137	14,439	2,56,235	3,50,420	-35,188	11,38,740
	Q4	6,65,930	1,38,607	3,57,965	20,965	13,222	2,47,743	2,96,507	20,131	11,68,055
2009-10   	Q1	6,81,427	1,19,024	3,60,677	33,306	22,532	2,38,672	3,04,471	-44,707	11,06,460
	Q2	6,90,167	1,15,886	3,93,309	35,093	25,117	2,42,962	3,19,921	-53,434	11,29,179
	Q3	7,61,779	1,60,412	3,97,266	35,861	22,542	2,47,484	3,50,759	-42,347	12,32,237
	Q4	7,11,930	1,56,381	4,43,223	38,792	24,333	2,69,912	3,59,029	37,419	13,22,962
2010-11   	Q1	7,37,787	1,29,691	4,04,215	48,883	31,673	2,58,764	3,77,987	-12,675	12,20,352
	Q2	7,48,098	1,25,560	4,34,620	50,078	32,478	2,69,584	3,77,482	-44,453	12,38,484
	Q3	8,12,173	1,64,726	4,56,564	51,988	29,981	3,13,670	3,84,033	-81,093	13,63,975
	Q4	7,94,315	1,63,568	4,74,393	56,004	31,060	3,52,985	4,02,926	-9,826	14,59,572
2011-12   	Q1	7,97,610	1,38,392	4,96,805	28,936	34,359	3,14,378	4,40,555	-48,052	13,21,874
	Q2	8,10,241	1,34,789	4,85,484	28,451	35,089	3,20,402	4,42,603	-50,675	13,21,178
	Q3	9,10,861	1,75,372	4,81,441	28,839	30,466	3,55,996	4,85,833	-48,928	14,48,214
	Q4	8,59,795	1,75,021	5,22,915	30,885	33,540	3,90,350	4,98,258	27,535	15,41,783
2012-13   	Q1	8,37,828	1,52,505	4,76,521	25,762	45,124	3,61,798	4,84,435	-40,756	13,74,346
	Q2	8,48,639	1,48,081	4,82,447	25,599	45,594	3,53,119	4,91,981	-28,632	13,82,866
	Q3	9,57,061	1,83,310	5,02,823	26,604	46,984	3,49,919	5,03,434	-38,011	15,25,258
	Q4	9,04,055	1,78,137	5,40,256	28,643	43,505	3,84,967	5,09,728	47,545	16,17,379
2013-14   	Q1	8,85,067	1,72,143	4,63,173	26,066	30,420	3,51,497	4,92,476	-3,650	14,32,240
	Q2	8,72,663	1,47,863	4,97,432	26,555	31,423	4,05,987	4,93,917	-33,659	14,54,346
	Q3	9,83,386	1,89,951	5,03,710	26,821	27,677	3,89,292	4,61,543	-66,656	15,92,637
	Q4	9,78,452	1,77,432	5,35,622	28,907	34,421	4,25,446	4,90,925	27,263	17,16,618
2014-15   	Q1	9,34,995	1,87,377	4,95,725	26,718	14,993	3,92,044	4,90,435	-45,391	15,16,025
	Q2	9,23,388	1,62,831	4,97,522	26,397	22,941	3,99,471	4,99,154	8,738	15,42,134

PFCE : Private Final Consumption Expenditure
GFCE : Government Final Consumption Expenditure
GFCF : Gross Fixed Capital Formation
Note : Q1, Q2, Q3 & Q4 denote - April to June, July to September, October to December and January to March quarters, respectively.
Source : Central Statistics Office (CSO).

Quarterly Estimates of Gross Domestic Product (At Constant Prices) New Series (Base : 2011-12)

(Rupees Crores)

Item/ Year	Quarter	1. PFCE	2. GFCE	3. GFCF	4. Change in Stock	5. Valuables	6. Export of goods & services	7. Import of goods & services	8. Discrepancies	9. Gross Domestic Product
1	2	3	4	5	6	7	8	9	10	11
2011-12   	Q1	12,36,604	2,04,165	6,96,955	52,516	59,927	5,06,867	6,43,806	-10,365	21,02,863
	Q2	11,27,293	2,57,147	7,27,749	49,135	65,430	5,07,189	6,40,634	-50,440	20,42,870
	Q3	12,64,940	2,20,375	7,52,162	49,219	60,517	5,53,499	7,13,921	38,344	22,25,135
	Q4	12,81,610	2,86,688	8,20,867	57,112	67,159	5,76,376	7,17,194	-7,158	23,65,461
2012-13   	Q1	12,25,157	2,28,823	7,63,692	48,569	69,769	5,32,776	6,77,720	14,158	22,05,223
	Q2	12,24,959	2,86,153	7,67,235	50,685	64,580	6,52,251	7,45,414	-1,04,504	21,95,946
	Q3	13,77,374	1,89,645	7,69,339	48,221	60,196	5,28,617	7,36,032	1,07,407	23,44,767
	Q4	13,51,602	2,69,642	8,45,527	54,053	65,404	5,76,192	7,19,914	24,576	24,67,082
2013-14   	Q1	13,21,379	2,72,181	7,85,525	31,849	37,117	5,50,330	6,57,363	6,380	23,47,396
	Q2	12,99,203	2,79,485	7,79,670	32,224	37,742	6,45,078	6,84,552	-31,770	23,57,079
	Q3	14,73,208	1,95,395	7,87,579	31,359	32,399	6,13,840	6,32,541	-3,242	24,97,997
	Q4	14,63,539	2,32,765	8,42,151	34,325	41,622	6,59,021	6,70,099	-4,429	25,98,898
2014-15   	Q1	14,17,165	2,78,564	8,08,569	68,881	49,133	6,22,485	6,63,205	-45,841	25,35,751
	Q2	14,12,804	3,07,609	8,15,553	69,140	45,223	6,26,568	6,81,671	-32,984	25,62,242
	Q3	15,04,576	2,51,973	7,93,637	63,605	40,231	6,35,338	6,80,646	37,234	26,45,947
	Q4	15,78,112	2,16,005	8,60,337	73,125	53,370	6,27,754	6,42,073	17,103	27,83,733
2015-16   	Q1	15,17,933	2,91,843	8,38,302	58,664	41,485	5,82,461	6,24,902	22,492	27,28,279
	Q2	15,13,130	3,35,329	8,44,359	59,498	48,495	5,96,859	6,56,933	27,350	27,68,087
	Q3	16,33,448	2,72,799	8,74,855	56,668	45,507	5,78,983	6,14,330	-11,544	28,36,387
	Q4	17,16,907	2,32,831	9,34,667	64,727	50,499	6,11,978	6,15,375	40,504	30,36,738
2016-17   	Q1	16,23,633	2,98,933	9,53,527	30,562	35,095	6,03,118	6,27,453	47,673	29,65,088
	Q2	16,58,457	3,43,179	9,13,935	30,378	37,226	6,11,524	6,56,241	97,297	30,35,756
	Q3	18,16,561	2,89,775	9,33,180	29,100	35,698	6,18,792	6,79,557	36,072	30,79,622
	Q4	18,01,585	2,69,710	9,86,925	32,600	43,459	6,54,989	6,58,342	96,802	32,27,728
2017-18   	Q1	17,63,225	3,63,307	9,63,709	47,837	69,319	6,26,933	7,63,828	75,834	31,46,336
	Q2	17,38,953	3,68,364	9,72,543	51,709	51,040	6,39,986	7,25,604	1,00,204	31,97,195
	Q3	18,92,042	3,19,987	10,19,644	50,223	43,541	6,46,679	7,75,330	88,205	32,84,992
	Q4	19,36,508	2,93,184	11,27,183	56,667	48,407	6,88,414	8,13,511	1,79,207	35,16,058
2018-19   	Q1	18,74,398	3,87,341	11,02,112	63,762	46,449	6,84,204	8,04,000	28,035	33,82,301
	Q2	18,88,258	3,98,078	10,97,685	65,795	50,462	7,17,628	8,56,915	42,653	34,03,644
	Q3	20,33,403	3,31,283	11,50,660	63,607	44,383	7,44,837	8,69,203	-9,208	34,89,761
	Q4	20,54,385	3,18,244	11,90,052	69,607	50,410	7,65,811	8,19,743	88,443	37,17,210
2019-20   	Q1	20,08,913	3,79,819	11,92,378	27,156	43,887	7,03,219	8,77,901	77,171	35,54,642
	Q2	20,04,358	4,20,439	10,89,056	27,009	44,242	7,05,138	8,37,949	97,653	35,49,945
	Q3	21,55,033	3,47,495	11,30,775	26,136	37,119	7,06,926	8,07,597	7,489	36,03,375
	Q4	20,87,914	3,43,854	11,80,371	28,235	39,279	6,98,611	7,98,309	2,46,724	38,26,679
2020-21   	Q1	15,48,749	4,13,195	6,87,227	4,370	3,893	5,36,467	5,24,127	62,531	27,32,306
	Q2	18,55,897	3,10,473	10,64,781	6,753	53,785	6,77,013	6,98,471	72,426	33,42,656
	Q3	21,87,535	3,31,726	11,78,366	6,760	52,306	6,61,490	7,75,344	24,498	36,67,338
	Q4	22,27,328	4,24,730	13,36,310	7,733	1,03,671	7,43,182	9,04,521	14,135	39,52,568
2021-22   	Q1	18,28,296	3,79,485	11,44,395	37,314	22,378	7,85,791	7,60,671	-86,257	33,50,730
	Q2	21,09,196	3,25,630	12,27,684	40,524	1,36,471	8,48,922	8,85,953	-1,30,034	36,72,438
	Q3	24,29,098	3,29,449	12,20,749	38,513	74,741	8,47,632	9,30,346	-1,39,727	38,70,108
	Q4	23,65,983	4,45,830	14,21,436	43,852	49,510	9,10,763	9,66,775	-1,42,030	41,28,570
2022-23   	Q1	21,82,105	3,98,510	13,27,515	48,477	36,361	9,09,584	9,43,759	-1,56,024	38,02,769
	Q2	22,98,644	3,22,157	13,06,636	47,749	1,12,540	9,20,147	10,10,070	-1,06,552	38,91,251
	Q3	24,87,581	3,37,544	13,02,885	46,642	47,420	9,17,180	9,57,144	-1,24,530	40,57,578
	Q4	24,16,613	4,85,780	15,00,689	56,309	38,825	9,96,399	9,48,896	-1,32,403	44,13,316
2023-24   	Q1	23,43,903	4,19,571	14,39,564	71,043	27,109	8,46,035	11,14,042	1,36,932	41,70,114
	Q2	23,66,539	3,87,040	14,59,663	76,306	1,05,308	9,62,378	11,54,463	52,035	42,54,806
	Q3	26,29,135	3,45,292	14,24,622	72,654	73,371	9,44,238	10,65,420	19,746	44,43,638
	Q4	25,67,198	5,17,772	15,91,439	85,607	63,318	10,72,844	10,56,689	-59,456	47,82,032
2024-25   	Q1	25,37,917	4,18,344	15,35,297	76,390	20,849	9,16,189	10,96,706	33,384	44,41,664
	Q2	25,18,254	4,03,592	15,57,503	77,908	1,32,482	9,91,508	11,66,500	-21,160	44,93,587
	Q3	28,43,368	3,77,374	14,99,134	75,228	72,974	10,46,234	10,43,395	-1,44,377	47,26,542
	Q4	27,20,039	5,08,419	17,41,150	89,701	44,453	11,14,167	9,22,788	-1,59,979	51,35,163
2025-26   	Q1	27,16,723	4,49,511	16,55,346	80,897	16,160	9,74,179	12,16,002	1,11,811	47,88,623
	Q2	27,18,453	3,92,730	16,71,729	83,646	1,02,463	10,46,884	13,15,253	1,62,687	48,63,340

PFCE : Private Final Consumption Expenditure
GFCE : Government Final Consumption Expenditure
GFCF : Gross Fixed Capital Formation
Note : Q1, Q2, Q3 & Q4 denote - April to June, July to September, October to December and January to March quarters, respectively.
Source : National Statistical Office (NSO).

Quarterly Estimates of Gross Domestic Product (At Constant Prices) New Series (Base : 2011-12)

(Rupees Crores)

Item/ Year	Quarter	1. PFCE	2. GFCE	3. GFCF	4. Change in Stock	5. Valuables	6. Export of goods & services	7. Import of goods & services	8. Discrepancies	9. Gross Domestic Product
1	2	3	4	5	6	7	8	9	10	11
2012-13   	Q1	-0.93	12.08	9.58	-7.52	16.42	5.11	5.27	-236.60	4.87
	Q2	8.66	11.28	5.43	3.15	-1.30	28.60	16.36	107.19	7.49
	Q3	8.89	-13.94	2.28	-2.03	-0.53	-4.50	3.10	180.12	5.38
	Q4	5.46	-5.95	3.00	-5.36	-2.61	-0.03	0.38	-443.32	4.30
2013-14   	Q1	7.85	18.95	2.86	-34.42	-46.80	3.29	-3.00	-54.94	6.45
	Q2	6.06	-2.33	1.62	-36.42	-41.56	-1.10	-8.16	-69.60	7.34
	Q3	6.96	3.03	2.37	-34.97	-46.18	16.12	-14.06	-103.02	6.53
	Q4	8.28	-13.68	-0.40	-36.50	-36.36	14.38	-6.92	-118.02	5.34
2014-15   	Q1	7.25	2.35	2.93	116.27	32.38	13.11	0.89	-818.50	8.02
	Q2	8.74	10.06	4.60	114.56	19.82	-2.87	-0.42	3.82	8.70
	Q3	2.13	28.96	0.77	102.83	24.17	3.50	7.61	-1,248.48	5.92
	Q4	7.83	-7.20	2.16	113.03	28.22	-4.74	-4.18	-486.13	7.11
2015-16   	Q1	7.11	4.77	3.68	-14.83	-15.57	-6.43	-5.78	-149.06	7.59
	Q2	7.10	9.01	3.53	-13.95	7.24	-4.74	-3.63	-182.92	8.03
	Q3	8.57	8.27	10.23	-10.91	13.11	-8.87	-9.74	-131.00	7.20
	Q4	8.80	7.79	8.64	-11.48	-5.38	-2.51	-4.16	136.82	9.09
2016-17   	Q1	6.96	2.43	13.75	-47.90	-15.40	3.55	0.41	111.96	8.68
	Q2	9.60	2.34	8.24	-48.94	-23.24	2.46	-0.11	255.75	9.67
	Q3	11.21	6.22	6.67	-48.65	-21.55	6.88	10.62	-412.48	8.58
	Q4	4.93	15.84	5.59	-49.64	-13.94	7.03	6.98	138.99	6.29
2017-18   	Q1	8.60	21.53	1.07	56.53	97.52	3.95	21.73	59.07	6.11
	Q2	4.85	7.34	6.41	70.22	37.11	4.65	10.57	2.99	5.32
	Q3	4.16	10.43	9.27	72.59	21.97	4.51	14.09	144.52	6.67
	Q4	7.49	8.70	14.21	73.83	11.38	5.10	23.57	85.13	8.93
2018-19   	Q1	6.31	6.62	14.36	33.29	-32.99	9.14	5.26	-63.03	7.50
	Q2	8.59	8.07	12.87	27.24	-1.13	12.13	18.10	-57.43	6.46
	Q3	7.47	3.53	12.85	26.65	1.93	15.18	12.11	-110.44	6.23
	Q4	6.09	8.55	5.58	22.84	4.14	11.24	0.77	-50.65	5.72
2019-20   	Q1	7.18	-1.94	8.19	-57.41	-5.52	2.78	9.19	175.27	5.10
	Q2	6.15	5.62	-0.79	-58.95	-12.33	-1.74	-2.21	128.95	4.30
	Q3	5.98	4.89	-1.73	-58.91	-16.37	-5.09	-7.09	-181.33	3.26
	Q4	1.63	8.05	-0.81	-59.44	-22.08	-8.78	-2.61	178.96	2.94
2020-21   	Q1	-22.91	8.79	-42.36	-83.91	-91.13	-23.71	-40.30	-18.97	-23.13
	Q2	-7.41	-26.15	-2.23	-75.00	21.57	-3.99	-16.65	-25.83	-5.84
	Q3	1.51	-4.54	4.21	-74.14	40.92	-6.43	-3.99	227.14	1.78
	Q4	6.68	23.52	13.21	-72.61	163.93	6.38	13.30	-94.27	3.29
2021-22   	Q1	18.05	-8.16	66.52	753.81	474.76	46.48	45.13	-237.94	22.63
	Q2	13.65	4.88	15.30	500.10	153.73	25.39	26.84	-279.54	9.87
	Q3	11.04	-0.69	3.60	469.71	42.89	28.14	19.99	-670.36	5.53
	Q4	6.23	4.97	6.37	467.06	-52.24	22.55	6.88	-1,104.82	4.45
2022-23   	Q1	19.35	5.01	16.00	29.91	62.49	15.75	24.07	80.88	13.49
	Q2	8.98	-1.07	6.43	17.83	-17.54	8.39	14.01	-18.06	5.96
	Q3	2.41	2.46	6.73	21.11	-36.55	8.21	2.88	-10.88	4.84
	Q4	2.14	8.96	5.58	28.41	-21.58	9.40	-1.85	-6.78	6.90
2023-24   	Q1	7.41	5.28	8.44	46.55	-25.44	-6.99	18.04	-187.76	9.66
	Q2	2.95	20.14	11.71	59.81	-6.43	4.59	14.30	-148.84	9.34
	Q3	5.69	2.30	9.34	55.77	54.73	2.95	11.31	-115.86	9.51
	Q4	6.23	6.59	6.05	52.03	63.08	7.67	11.36	-55.09	8.35
2024-25   	Q1	8.28	-0.29	6.65	7.53	-23.09	8.29	-1.56	-75.62	6.51
	Q2	6.41	4.28	6.70	2.10	25.80	3.03	1.04	-140.66	5.61
	Q3	8.15	9.29	5.23	3.54	-0.54	10.80	-2.07	-831.17	6.37
	Q4	5.95	-1.81	9.41	4.78	-29.79	3.85	-12.67	169.07	7.38
2025-26   	Q1	7.05	7.45	7.82	5.90	-22.49	6.33	10.88	234.92	7.81
	Q2	7.95	-2.69	7.33	7.36	-22.66	5.59	12.75	-868.85	8.23

PFCE : Private Final Consumption Expenditure
GFCE : Government Final Consumption Expenditure
GFCF : Gross Fixed Capital Formation
Note : Q1, Q2, Q3 & Q4 denote - April to June, July to September, October to December and January to March quarters, respectively.
Source : National Statistical Office (NSO).
